aug_dim: 451
cov_w: 0.11968675013492497
dropout: 0.10223329673240704
edge_mul: 2
inv_w: 0.9383632505680566
keep_edges: true
lr: 0.0124550371590194
mod_w: 0.055685214003095354
