aug_dim: 504
cov_w: 0.07470640921706773
dropout: 0.15817141494037204
inv_w: 0.44768832769047856
lr: 0.005236138860362907
mod_w: 0.6430338767792938
var_w: 0.9368120389420873
