aug_dim: 204
cov_w: 0.820534254770421
dropout: 0.4063114993953734
inv_w: 0.412438350318845
lr: 0.008834372456424995
mod_w: 0.0 #6018646167321014
var_w: 0.6459027020853503
