aug_dim: 207
cov_w: 0.5949639986363964
dropout: 0.25880587442474057
inv_w: 0.15597988376234295
lr: 0.0005997532086519458
mod_w: 0.5263995114836039
var_w: 0.5979983313619878
