aug_dim: 116
cov_w: 0.5809552576420742
dropout: 0.6928562547972636
inv_w: 0.07159039192450213
lr: 0.0071806186622273395
mod_w: 0.6126415296050834
var_w: 0.13124038834139393
