aug_dim: 187
cov_w: 0.3174578120754519
dropout: 0.6417602568878485
inv_w: 0.7299714904560882
lr: 0.0029220959846208124
mod_w: 0.0 #0014966794289538794
var_w: 0.9811613655872665
