aug_dim: 92
cov_w: 0.49
dropout: 0.5119806692270398
inv_w: 0.93
lr: 0.028295714272548036
mod_w: 0.78
epochs: 50