lr: 0.02274650105556408
inv_w: 0.6330739774932268
cov_w: 0.8787231814309961
mod_w: 0.4643087192803234
dropout: 0.575136959993526
aug_dim: 417
keep_edges: False
edge_mul: 2