aug_dim: 360
cov_w: 0.8429174420203112
dropout: 0.7885174233416581
inv_w: 0.36356618307346544
lr: 0.05697308577393562
mod_w: 0.04137435402383248
