aug_dim: 107
cov_w: 0.7748157010971012
dropout: 0.8833878947755255
edge_mul: 7
inv_w: 0.9015992397855292
keep_edges: true
lr: 0.019991964042664144
mod_w: 0.4020352367980279
