aug_dim: 430
cov_w: 0.22933238311316995
dropout: 0.13006043551709737
inv_w: 0.37750167535193946
lr: 0.0017802391069637895
mod_w: 0.9406497095475239
