aug_dim: 260
cov_w: 0.08147974745880311
dropout: 0.14141086061583666
edge_mul: 1
inv_w: 0.32604472923417915
keep_edges: true
lr: 0.003865329705943555
mod_w: 0.5765687135203362
