aug_dim: 241
cov_w: 16
dropout: 0.9266867556620959
edge_mul: 2
inv_w: 43
keep_edges: true
lr: 0.014621207552594728
mod_w: 16
model_dim: 45
num_gnn_layers: 1
var_w: 77
epochs: 7