aug_dim: 445
cov_w: 0.53293917467595
dropout: 0.2826506244213697
inv_w: 0.59879889288782
lr: 0.005886390161224262
mod_w: 0.49341459619404293
