lr: 0.021497766391162083
inv_w: 0.7356280971636469
cov_w: 0.21210845184173457 
mod_w: 0.488233678677244 
dropout: 0.16441095048571827
aug_dim: 387
keep_edges: True
edge_mul: 2