aug_dim: 165
cov_w: 0.4603503108876854
dropout: 0.199599235484273
edge_mul: 3
inv_w: 0.1979597183170273
keep_edges: true
lr: 0.035981204774070304
mod_w: 0.32794901639120105
