aug_dim: 450
cov_w: 55
dropout: 0.7170073274005666
edge_mul: 3
inv_w: 6
keep_edges: true
lr: 0.002262110919702758
mod_w: 42
model_dim: 52
num_gnn_layers: 1
var_w: 88
