aug_dim: 267
cov_w: 0.06131234833032686
dropout: 0.31845953643883923
inv_w: 0.9032524917597011
lr: 0.004458661799937332
mod_w: 0.9694315798560694
