aug_dim: 327
cov_w: 0.008445766226722468
dropout: 0.1170984495553564
edge_mul: 1
inv_w: 0.7518750715699067
keep_edges: false
lr: 0.0064183388118092665
mod_w: 0.37421556711640896
